10 12x12
101.9 99 104
27.90
908.2
805.2
583.1
486.6
558.4
464.8
442.0
434.0
476.6
469.8
541.2
520.2
559.4
359.6
430.8
380.0
441.8
381.6
395.6
400.6
365.4
370.0
365.0
356.4
368.2
336.2
366.2
343.2
348.8
301.6
291.4
308.6
317.4
379.2
279.0
332.0
269.6
328.8
248.6
284.6
285.8
292.0
280.4
228.0
262.6
194.6
213.0
201.0
205.6
194.4
170.4
221.8
204.0
188.0
144.6
158.4
203.2
155.6
160.8
163.8
196.4
161.2
144.0
151.2
142.4
180.2
151.0
134.6
142.2
173.4
132.4
156.8
136.6
123.6
125.4
122.0
161.6
164.2
131.8
124.8
134.8
130.0
123.8
96.6
119.8
119.4
154.4
120.2
110.6
92.2
115.8
103.4
91.2
97.4
87.2
84.6
87.4
85.0
86.6
84.0
84.0
84.0
84.0
84.0
